FusedMasks: 0.8683157879683017
nnUnet: 0.8438897375879975
TotalSegmenter: 0.7923894278507569
SegMamba: 0.7834496946611189
Swin-NETR: 0.7554421142293757
